1001
1002
1003
1004
1006
1007
1008
1009
1010
1011
1014
1015
1016
1017
1018
1019
1020
1021
1022
1023
1024
1025
1026
1027
1028
1029
1033
1035
1036
1037
1038
1042
1043
1044
1045
1046
1047
1049
1052
1055
1057
1058
1059
1062
1065
1068
1074
1075
1076
1078
1082
1083
1084
1085
1086
1088
1089
1092
1098
1099
1102
1105
1106
1107
1108
1112
1113
1114
1115
1116
1117
1121
1122
1124
1132
1133
1134
1135
1139
1141
1143
1144
1146
1147
1148
1149
1150
1151
1152
1153
1156
1158
1160
1161
1162
1167
1169
1180
1183
1192
1193
1198
1199
1200
1201
1203
1205
1207
1209
1210
1212
1214
1217
1218
1220
1221
1223
1224
1225
1226
1227
1228
1229
1230
1232
1233
1234
1237
1238
1239
1240
1241
1242
1245
1250
1252
1253
1254
1257
1259
1262
1265
1270
1271
1272
1273
1274
1277
1278
1280
1281
1282
1287
1288
1290
1291
1292
1293
1295
1298
1300
1302
1304
1307
1308
1309
1310
1311
1314
1315
1317
1318
1319
1320
1321
1322
1323
1326
1327
1329
1332
1337
1338
1340
1341
1342
1344
1345
1346
1347
1350
1352
1355
1356
1357
1358
1359
1360
1361
1362
1363
1364
1365
1366
1367
1368
1369
1370
1371
1372
1373
1374
1375
1376
1378
1380
1381
1382
1383
1384
1385
1386
1387
1389
1392
1393
1397
1399
1400
1401
1402
1403
1404
1406
1407
1408
1411
1412
1413
1414
1415
1416
1417
1418
1419
1422
1424
1425
1426
1427
1428
1430
1431
1433
1434
1435
1436
1439
1440
1441
1442
1444
1446
1447
1448
1449
1450
1452
1453
1455
1459
1460
1462
1463
1464
1465
1466
1467
1468
1469
1470
1471
1472
1473
1474
1475
1476
1477
1478
1479
1480
1481
1482
1483
1484
1485
1486
1487
1488
1489
1490
1492
1493
1494
1495
1496
1498
1500
1503
1507
1508
1512
1513
1514
1515
1516
1517
1604
1605
1606
1607
1608
1609
1610
1611
1612
2013
2019
2020
2024
2028
2029
2031
2036
2038
2044
2045
2049
2054
2055
2064
2071
2072
2080
2081
2091
2095
2096
2101
2102
2103
2104
2110
2119
2120
2121
2123
2124
2126
2128
2130
2135
2141
2146
2147
2149
2151
2154
2159
2161
2170
2171
2173
2174
2176
2181
2183
2184
2185
2186
2188
2191
2196
2197
2199
2205
2206
2207
2209
2210
2216
2217
2219
2221
2222
2226
2229
2230
2231
2233
2236
2242
2243
2244
2245
2247
2254
2256
2260
2261
2263
2265
2267
2269
2271
2282
2283
2284
2286
2287
2288
2292
2293
2297
2302
2303
2307
2308
2311
2316
2317
2319
2321
2324
2325
2327
2329
2331
2337
2338
2343
2347
2349
2354
2355
2365
2366
2368
2378
2382
2403
2407
2408
2410
2411
2413
2417
2418
2419
2423
2426
2429
2431
2432
2435
2440
2441
2443
2449
2450
2452
2453
2456
2458
2460
2462
2464
2468
2469
2472
2476
2481
2482
2483
2484
2485
2486
2487
2488
2489
2490
2492
2493
2496
2498
2499
2500
2501
2503
2505
2507
2512
2513
2515
2516
2517
2518
2520
2521
2526
2527
2531
2536
2539
2540
2542
2544
2545
2546
2548
2549
2550
2552
2553
2554
2556
2557
2558
2559
2561
2562
2563
2565
2566
2567
2573
2574
2575
2583
2584
2587
2589
2590
2591
2595
2598
2602
2603
2605
2607
2609
2611
2615
2616
2618
2620
2622
2623
2625
2628
2629
2632
2633
2635
2636
2643
2644
2646
2648
2652
2661
2664
2665
2667
2670
2679
2680
2701
2702
2703
2704
2705
2706
2708
2710
2711
2713
2714
2715
2716
2717
2718
2719
2720
2721
2722
2723
2724
2725
2726
2727
2728
2729
2730
2731
2732
2733
2734
2735
2736
2737
2738
2739
2740
2741
2743
2744
2745
2746
2747
2748
2750
2751
2752
2753
2754
2755
2756
2757
2758
2759
2760
2761
2762
2763
2764
2765
2766
2767
2768
2769
2770
2771
2772
2773
2777
2778
2780
2781
2783
2787
2788
2789
2790
2791
2793
2794
2795
2796
2797
2798
2799
2800
2801
2803
2804
2805
2807
2808
2811
2812
2813
2814
2815
2816
2817
2818
2819
2820
2821
2823
2824
2825
2826
2827
2828
2829
2830
2831
2832
2833
2834
2835
2836
2844
2845
2847
2849
2850
2851
2852
2857
2858
2859
2860
2862
2863
2864
2866
2868
2869
2872
2873
2874
2875
2876
2880
2881
2882
2883
2888
2889
2890
2897
2901
2903
2906
2907
2910
2911
2913
2914
2915
2917
2919
2920
2921
2923
2924
2926
2927
2928
2929
2931
2934
2935
2937
2939
2942
2943
2944
2945
2946
2947
2948
2949
2950
2952
2955
2956
2957
2958
2959
2961
2963
2964
2965
2966
2967
2968
2970
2971
2972
2973
2974
2975
2976
2978
2979
2980
2981
2982
2983
2984
2987
2988
2989
2991
2992
2993
2996
2998
3002
3005
3006
3007
3008
3010
3011
3013
3014
3017
3019
3023
3026
3027
3031
3034
3035
3037
3039
3040
3041
3043
3044
3046
3047
3055
3057
3062
3063
3065
3066
3068
3070
3072
3075
3077
3080
3088
3091
3092
3094
3097
3100
3105
3111
3116
3120
3132
3134
3136
3138
3139
3144
3148
3153
3154
3155
3158
3162
3164
3166
3171
3174
3176
3204
3209
3210
3212
3214
3215
3220
3224
3225
3226
3227
3230
3235
3238
3240
3246
3257
3261
3265
3266
3275
3281
3292
3301
3302
3305
3313
3314
3316
3318
3321
3330
3334
3339
3344
3345
3346
3347
3348
3351
3354
3355
3373
3377
3379
3382
3385
3391
3392
3402
3405
3407
3408
3409
3410
3411
3414
3453
3462
3469
3482
3488
3495
3502
3503
3507
3520
3521
3522
3526
3527
3529
3535
3544
3560
3590
3591
3604
3605
3609
3628
3647
3649
3658
3660
3672
3680
3684
3693
3696
3701
3707
3710
3716
3717
3740
3743
3746
3749
3761
3768
3769
3770
3772
3779
3780
3781
3784
3791
3796
3797
3803
3807
3808
3809
3810
3817
3820
3823
3824
3827
3837
3839
3840
3853
3857
3862
3866
3872
3874
3876
3881
3882
3894
3895
3896
3900
3901
3902
3903
3904
3906
3907
3908
3911
3912
3914
3915
3916
3917
3918
3920
3923
3927
3928
3951
3952
3953
3955
3956
3958
3961
3962
3963
3966
3967
3968
3969
3970
3971
3973
3975
3976
3978
3979
3980
3981
3982
3984
3985
3996
4005
4007
4013
4017
4018
4027
4030
4031
4034
4038
4042
4045
4048
4051
4053
4056
4058
4059
4061
4063
4064
4067
4069
4071
4072
4073
4077
4082
4083
4085
4089
4097
4101
4102
4103
4104
4106
4107
4108
4109
4110
4111
4112
4116
4117
4118
4120
4121
4122
4123
4124
4125
4128
4129
4130
4131
4132
4133
4134
4135
4136
4137
4138
4141
4142
4143
4144
4146
4147
4149
4150
4151
4152
4153
4154
4155
4157
4158
4159
4160
4162
4163
4164
4165
4166
4167
4168
4169
4170
4171
4172
4173
4175
4176
4177
4178
4179
4181
4183
4184
4185
4186
4187
4188
4189
4190
4191
4193
4194
4195
4196
4197
4198
4199
4202
4203
4205
4207
4208
4211
4213
4214
4217
4219
4220
4221
4224
4228
4231
4234
4241
4242
4250
4253
4254
4260
4266
4270
4272
4273
4280
4282
4283
4285
4301
4310
4312
4313
4320
4330
4339
4341
4351
4360
4361
4373
4382
4390
4411
4412
4416
4417
4418
4420
4425
4426
4427
4430
4432
4433
4434
4435
4436
4440
4443
4445
4446
4450
4452
4456
4458
4460
4464
4470
4471
4472
4480
4481
4485
4488
4489
4490
4491
4492
4801
4802
4803
4804
4805
4806
4808
4809
4810
4812
4813
4814
4817
4818
4819
4820
4822
4823
4824
4829
4832
4833
4836
4837
4838
4839
4841
4842
4843
4848
4850
4851
4852
4853
4854
4856
4857
4858
4859
4860
4861
4862
4864
4865
4866
4867
4868
4869
4870
4871
4872
4873
4874
4875
4876
4878
4879
4880
4881
4883
4884
4886
4887
4890
4892
4894
4895
4897
4899
4902
4904
4905
4906
4907
4908
4909
4911
4913
4914
4916
4918
4920
4922
4923
4924
4926
4927
4928
4930
4932
4933
4934
4935
4936
4937
4938
4939
4940
4941
4942
4943
4944
4945
4948
4949
4950
4951
4952
4953
4954
4955
4956
4957
4958
4959
4960
4963
4965
4967
4968
4970
4971
4973
4975
4976
4977
4978
4979
4980
4981
4982
4983
4985
4986
4987
4989
4990
4991
4992
4993
4994
4995
4998
6005
6008
6009
6010
6011
6012
6013
6016
6017
6019
6021
6022
6024
6029
6030
6031
6032
6033
6034
6041
6042
6043
6044
6049
6051
6052
6055
6056
6058
6060
6063
6065
6066
6068
6069
6070
6072
6073
6074
6079
6080
6081
6082
6088
6093
6096
6099
6100
6102
6104
6108
6109
6110
6116
6118
6119
6120
6123
6124
6126
6132
6135
6136
6138
6141
6143
6147
6149
6151
6154
6156
6158
6159
6160
6165
6168
6169
6170
6174
6179
6180
6181
6183
6184
6186
6187
6188
6190
6193
6197
6201
6203
6204
6205
6206
6207
6208
6209
6210
6211
6212
6225
6229
6235
6239
6240
6242
6248
6249
6251
6252
6253
6254
6255
6257
6258
6260
6265
6267
6269
6270
6273
6275
6277
6278
6279
6280
6283
6285
6286
6290
6308
6310
6311
6312
6313
6315
6316
6319
6320
6321
6323
6324
6330
6331
6340
6343
6344
6348
6350
6356
6370
6375
6377
6380
6391
6400
6407
6408
6414
6418
6428
6431
6432
6434
6447
6449
6450
6451
6452
6455
6456
6458
6459
6464
6465
6472
6476
6477
6478
6479
6480
6481
6484
6490
6494
6496
6585
6589
6590
6597
6600
6601
6602
6603
6604
6605
6606
6607
6608
6609
6610
6612
6616
6617
6618
6619
6620
6621
6622
6623
6624
6625
6626
6627
6628
6629
6630
6631
6632
6633
6634
6635
6636
6637
6638
6639
6640
6641
6643
6644
6645
6646
6647
6648
6650
6651
6655
6656
6657
6658
6659
6660
6661
6664
6666
6669
6670
6671
6672
6673
6674
6675
6676
6677
6678
6679
6680
6681
6682
6683
6685
6686
6687
6688
6689
6690
6693
6695
6699
6700
6701
6702
6703
6704
6705
6706
6707
6708
6709
6711
6712
6714
6715
6717
6720
6721
6722
6723
6724
6725
6726
6727
6728
6729
6730
6731
6732
6733
6734
6735
6738
6739
6740
6744
6745
6747
6748
6749
6750
6751
6752
6753
6754
6756
6757
6758
6759
6760
6762
6768
6770
6771
6775
6777
6778
6779
6780
6781
6782
6783
6784
6785
6786
6787
6788
6789
6791
6792
6793
6794
6795
6796
6797
6798
6799
6801
6802
6805
6806
6807
6808
6809
6810
6842
6843
6844
6845
6846
6847
6848
6849
6850
6851
6852
6853
6854
6855
6856
6857
6858
6901
6902
6903
6904
6905
6906
6907
6908
6909
6990
7002
7003
7005
7010
7015
7017
7020
7024
7027
7028
7031
7037
7038
7039
7040
7046
7055
7057
7059
7061
7070
7072
7075
7083
7090
7093
7100
7103
7107
7108
7110
7117
7118
7120
7125
7129
7130
7134
7139
7140
7143
7145
7146
7147
7149
7150
7153
7156
7157
7166
7167
7168
7169
7173
7180
7181
7182
7190
7197
7200
7201
7203
7205
7207
7210
7217
7222
7223
7230
7235
7240
7245
7247
7249
7255
7257
7260
7265
7266
7270
7274
7280
7283
7288
7291
7292
7295
7296
7299
7300
7306
7314
7315
7316
7330
7335
7336
7354
7360
7361
7374
7379
7381
7385
7386
7390
7412
7420
7434
7436
7438
7460
7461
7469
7471
7475
7480
7481
7482
7486
7487
7490
7491
7497
7500
7502
7503
7510
7524
7530
7535
7540
7549
7552
7554
7555
7558
7560
7563
7569
7570
7577
7579
7586
7588
7591
7600
7602
7603
7606
7607
7610
7621
7622
7627
7628
7629
7630
7631
7632
7635
7637
7638
7641
7643
7645
7646
7647
7648
7650
7658
7661
7666
7667
7670
7671
7675
7684
7690
7745
7747
7749
7753
7754
7761
7765
7770
7774
7775
7780
7785
7790
8001
8002
8007
8008
8011
8014
8015
8019
8021
8023
8025
8027
8029
8042
8044
8045
8046
8048
8053
8055
8072
8075
8080
8081
8084
8085
8087
8094
8112
8117
8130
8140
8141
8148
8157
8160
8162
8171
8175
8179
8181
8184
8190
8202
8210
8213
8215
8219
8220
8221
8222
8223
8224
8226
8227
8228
8231
8232
8233
8235
8238
8261
8262
8272
8280
8284
8285
8286
8289
8301
8302
8306
8308
8314
8330
8335
8348
8349
8359
8360
8364
8373
8383
8386
8391
8397
8410
8417
8419
8420
8429
8430
8433
8449
8451
8452
8458
8475
8482
8487
8489
8495
8501
8502
8505
8506
8507
8508
8509
8511
8512
8513
8514
8515
8521
8522
8524
8530
8532
8533
8534
8535
8536
8537
8538
8539
8540
8541
8543
8544
8545
8546
8548
8550
8551
8552
8553
8554
8555
8557
8558
8560
8561
8562
8567
8568
8570
8571
8575
8579
8583
8589
8594
8911
8912
8913
8914
8917
8918
8920
8922
8924
8925
8926
8927
8928
8930
8932
8934
8936
8938
8940
8942
8944
8946
8948
8958
8960
10004
10007
10015
10018
10020
10022
10028
10031
10033
10034
10035
10037
10038
10042
10043
10044
10046
10055
10067
10089
10091
10093
10097
10113
10122
10124
10126
10127
10129
10130
10131
10132
10136
10139
10141
10142
10146
10147
10149
10150
10152
10156
10157
10161
10162
10163
10168
10169
10170
10172
10177
10180
10184
10192
10193
10200
10204
10210
10215
10222
10224
10235
10238
10246
10249
10253
10261
10264
10267
10268
10270
10277
10280
10281
10282
10289
10291
10304
10305
10306
10309
10312
10314
10315
10317
10320
10321
10325
10334
10335
10338
10343
10346
10348
10356
10359
10361
10362
10365
10368
10376
10379
10381
10382
10384
10385
10389
10392
10393
10394
10396
10400
10403
10404
10406
10410
10412
10416
10418
10424
10426
10427
10430
10433
10435
10436
10437
10438
10439
10440
10441
10442
10444
10449
10452
10453
10454
10458
10460
10466
10468
10469
10471
10474
10476
10480
10488
10490
10495
10496
10499
10500
10501
10502
10505
10506
10507
10513
10514
10515
10516
10517
10518
10519
10520
10526
10528
10532
10534
10535
10537
10540
10542
10544
10548
10552
10554
10555
10557
10558
10564
10565
10567
10569
10571
10574
10575
10577
10578
10579
10582
10591
10605
10607
10609
10613
10614
10615
10616
10618
10628
10629
10633
10635
10637
10639
10640
10641
10642
10645
10646
10648
10653
10655
10658
10671
10675
10677
10684
10685
10686
10687
10688
10704
10706
10708
10714
10722
10724
10727
10728
10729
10730
10731
10733
10735
10736
10738
10739
10742
10743
10747
10752
10755
10756
10761
10763
10765
10771
10775
10776
10777
10780
10782
10788
10791
10796
10803
10805
10815
10818
10827
10828
10832
10836
10837
10838
10850
10852
10853
10856
10857
10858
10859
10860
10863
10865
10868
10869
10870
10871
10872
10873
10875
10895
10906
10907
10908
10912
10929
10935
10945
10946
10948
10950
10954
10961
10962
10963
10980
10982
11001
11004
11008
11010
11012
11015
11018
11019
11020
11021
11022
11023
11024
11025
11027
11028
11030
11031
11032
11034
11035
11036
11037
11038
11040
11051
11052
11053
11055
11059
11060
11070
11075
11078
11080
11081
11082
11083
11085
11090
11101
11103
11105
11109
11110
11111
11112
11113
11119
11120
11121
11124
11126
11127
11128
11129
11130
11135
11136
11137
11138
11140
11141
11142
11143
11144
11146
11147
11148
11149
11150
11152
11153
11154
11155
11156
11157
11161
11164
11165
11170
11171
11173
11174
11175
11176
11180
11182
11185
11190
11192
11193
11194
11201
11204
11206
11212
11213
11214
11215
11220
11221
11225
11227
11228
11229
11231
11232
11234
11237
11238
11240
11241
11242
11243
11244
11245
11248
11252
11255
11260
11261
11263
11265
11270
11272
11275
11278
11280
11285
11290
11292
11295
11296
11298
11301
11302
11304
11305
11306
11307
11308
11310
11312
11314
11315
11316
11318
11320
11322
11325
11328
11330
11331
11332
11336
11337
11339
11340
11343
11345
11346
11348
11349
11350
11351
11352
11354
11355
11356
11357
11358
11359
11360
11362
11365
11366
11367
11368
11370
11372
11375
11378
11380
11382
11383
11384
11385
11386
11387
11389
11390
11393
11395
11406
11414
11423
11438
11450
11457
11464
11487
11502
11509
11518
11520
11538
11541
11546
11567
11603
11624
11628
11636
11643
11649
11652
11653
11659
11669
11679
11683
11692
11693
11698
11710
11723
11730
11747
11748
11766
11774
11782
11787
11801
11816
11819
11826
11841
11855
11856
11858
11867
11880
11903
11916
11918
11927
11930
11933
11934
11938
11952
11955
11958
11968
11976
11978
11993
12001
12100
12105
12115
12120
12125
12135
12140
12145
12150
12155
12160
12185
12195
12200
12205
12206
12210
12215
12230
12235
12240
12250
12270
12272
12280
12285
12295
12300
12310
12312
12330
12345
12360
12372
12374
12375
12385
12399
12400
12415
12418
12424
12425
12435
12455
12465
12469
12471
12488
12491
12495
12497
12500
12510
12520
12530
12540
12550
12555
12560
12566
12570
12575
12580
12585
12595
12600
12625
12650
12660
12670
12690
12695
12756
12766
12772
12786
12805
12812
12815
12822
12825
12830
12836
12839
12843
12844
12846
12847
12851
12860
12866
12870
12882
12892
12910
12915
12922
12925
12932
12935
12942
12950
12960
12970
12982
12992
13067
13160
13168
13173
13174
13180
13183
13262
13266
13269
13272
13274
13275
13278
13279
13285
13289
13295
13361
13363
13367
13369
13370
13376
13378
13383
13384
13386
13388
13389
13397
13455
13457
13459
13461
13462
13463
13464
13465
13473
13477
13481
13489
13492
13493
13571
13573
13575
13576
13577
13578
13579
13580
13581
13582
13583
13584
13585
13586
13588
13589
13590
13591
13592
13593
13594
13595
13597
13598
13599
13600
13601
13610
13611
13615
13619
13622
13624
13625
13629
14006
14007
14008
14009
14010
14012
14014
14015
14021
14023
14024
14026
14031
14105
14106
14112
14118
14120
14121
14122
14216
14219
14232
14234
14235
14236
14240
14241
14244
14246
14248
14253
14256
14258
14280
14284
14307
14308
14314
14317
14321
14323
14324
14328
14330
14370
14382
14428
14430
14431
14438
14441
14442
14443
14444
14445
14447
14452
14454
14462
14472
14474
14528
14537
14542
14543
14544
14549
14554
14557
14640
14648
14650
14652
14653
14654
14656
14657
15000
15004
15007
15010
15014
15015
15020
15023
15025
15033
15042
15044
15047
15056
15063
15069
15073
15080
15083
15085
15088
15090
15094
15095
15099
15107
15108
15109
15111
15113
15117
15118
15119
15120
15123
15124
15127
15136
15138
15143
15145
15148
15150
15154
15160
15162
15163
15165
15168
15170
15179
15182
15184
15189
15194
15197
15199
15200
15204
15206
15208
15209
15215
15217
15219
15230
15231
15235
15238
15245
15247
15254
15260
15261
15262
15264
15265
15270
15277
15279
15280
15282
15284
15285
15289
15292
15296
15297
15300
15301
15302
15307
15310
15314
15315
15316
15317
15319
15320
15324
15325
15328
15333
15335
15336
15337
15338
15340
15341
15344
15345
15346
15347
15349
15350
15360
15364
15366
15369
15373
15375
15377
15387
15388
15395
15402
15405
15406
15408
15409
15410
15412
15416
15419
15420
15421
15422
15425
15428
15434
15444
15445
15450
15455
15460
15462
15465
15469
15470
15475
15477
15479
15480
15482
15489
15490
15491
15494
15498
15499
15501
15502
15505
15507
15511
15514
15525
15528
15530
15533
15535
15549
15550
15552
15561
15562
15600
15601
15605
15613
15614
15615
15625
15626
15627
15628
15635
15640
15642
15655
15661
15712
15725
15726
15730
15741
16008
16014
16020
16021
16022
16023
16033
16036
16037
16040
16041
16044
16045
16046
16052
16054
16058
16059
16060
16061
16064
16066
16067
16068
16072
16073
16076
16080
16081
16084
16088
16089
16090
16094
16098
16099
16101
16105
16107
16108
16110
16111
16113
16114
16115
16117
16119
16120
16121
16122
16123
16124
16125
16126
16127
16128
16129
16130
16131
16132
16133
16134
16135
16136
16137
16138
16140
16141
16143
16144
16145
16146
16147
16148
16149
16150
16153
16154
16155
16158
16164
16165
16168
16170
16171
16172
16178
16179
16181
16182
16190
16191
16192
16197
16198
16204
16206
16210
16214
16215
16216
16217
16218
16219
16221
16223
16224
16226
16227
16230
16231
16232
16233
16234
16235
16238
16239
16242
16243
16244
16245
16246
16247
16249
16252
16253
16258
16261
16262
16263
16266
16270
16271
16280
16281
16288
16289
16292
16294
16295
16300
16310
16312
16314
16316
16317
16318
16320
16324
16325
16332
16333
16334
16336
16337
16342
16344
16345
16350
16351
16360
16362
16364
16365
16400
16401
16405
16409
16410
16415
16416
16420
16422
16429
16434
16435
16436
16442
16450
16453
16454
16459
16460
16464
16465
16469
16470
16471
16475
16480
16490
16491
16504
16520
16522
16523
16524
16531
16532
16537
16538
16539
16541
16542
16543
16545
16546
16549
16550
16560
16564
16565
16570
16597
16599
16606
16613
16614
16622
16624
16627
16632
16641
16642
16643
16645
16648
16650
16654
16665
16667
16672
16674
16675
16682
16684
16685
16687
16689
16699
16701
16706
16710
16715
16716
16717
16718
16719
16723
16726
16732
16734
16738
16741
16742
16743
16744
16746
16749
16754
16756
16757
16758
16759
16760
16765
17020
17022
17024
17026
17029
17030
17031
17033
17034
17038
17040
17042
17045
17046
17050
17052
17054
17056
17059
17060
17061
17062
17063
17064
17067
17068
17069
17070
17072
17074
17078
17080
17082
17084
17085
17086
17088
17089
17090
17092
17095
17096
17098
17099
17100
17110
17111
17112
17115
17116
17118
17119
17120
17124
17127
17128
17129
17130
17131
17135
17140
17145
17150
17155
17160
17162
17165
17170
17175
17180
17184
17186
17188
17189
17190
17191
17192
17193
17194
17195
17197
17199
17200
17202
17203
17204
17205
17210
17218
17219
17220
17221
17232
17234
17237
17238
17239
17240
17241
17244
17246
17248
17250
17255
17260
17262
17265
17270
17271
17272
17275
17280
17281
17282
17285
17289
17290
17291
17292
17295
17296
17297
17298
17300
17302
17310
17320
17330
17340
17350
17351
17352
17355
17370
17372
17375
17380
17600
17601
17607
17609
20046
20069
20087
20107
20292
20353
20471
20476
20667
20674
20744
20871
20891
20892
20946
20967
20978
20982
21432
21535
21608
21636
21647
21711
21721
21802
21813
21821
21824
21908
21921
21931
21937
21946
21978
21982
22003
22004
22012
22028
22100
22101
22105
22106
22113
22127
22133
22140
22165
22193
22212
22213
22217
22235
22249
22271
22282
22292
22305
22312
22318
22324
22334
22349
22361
22365
22383
22408
22413
22422
22429
22438
22446
22452
22456
22471
22481
22499
22518
22520
22522
22525
22529
22541
22543
22546
22550
22551
22559
22563
22573
22583
22602
22619
22621
22638
22641
22648
22656
22671
22676
22686
22695
22717
22721
22723
22727
22738
22749
22762
22768
22778
22798
22802
22805
22816
22820
22829
22831
22833
22837
22845
22854
22867
22869
22876
22887
22889
22891
22892
22897
22912
22913
22915
22917
22925
22939
22951
22954
22974
22981
22983
22996
23022
23032
23058
23073
23074
23078
23112
23114
23174
23179
23205
23207
23219
23226
23242
23256
23274
23305
23324
23330
23339
23345
23358
23376
23383
23405
23412
23415
23418
23426
23431
23443
23445
23453
23463
23465
23471
23472
23499
23503
23518
23527
23552
23578
23589
23606
23625
23631
23635
23656
23657
23662
23678
23699
23701
23708
23711
23724
23734
23741
23748
23758
23774
23776
23788
23802
23803
23804
23812
23823
23847
23849
23862
23867
23884
23891
23909
23914
23921
23929
23933
23939
23946
23947
23955
23966
23973
23975
23982
23986
23987
23992
24076
24125
24136
24143
24194
24219
24261
24263
24266
24322
24329
24338
24343
24361
24371
24382
24449
24462
24477
24507
24525
24538
24557
24585
24588
24606
24639
24641
24643
24644
24652
24656
24661
24668
24671
24679
24684
24688
24691
24713
24724
24725
24726
24737
24738
24739
24753
24758
24763
24768
24771
24790
24802
24807
24817
24826
24843
24856
24871
24894
24898
24908
24918
24923
24928
24933
24944
24951
24959
24962
24966
24967
24975
24982
24988
25017
25034
25042
25044
25051
25062
25121
25123
25129
25138
25147
25151
25173
25206
25248
25282
25325
25335
25356
25378
25399
25400
25428
25469
25503
25538
25551
25561
25562
25563
25594
25627
25648
25677
25700
25703
25705
25707
25715
25744
25745
25767
25808
25820
25904
25913
25916
25919
25922
25927
25932
25941
25954
25956
26029
26038
26045
26046
26058
26059
26063
26067
26069
26072
26078
26080
26092
26094
26099
26115
26116
26120
26124
26128
26134
26135
26141
26144
26145
26157
26167
26179
26196
26214
26215
26218
26226
26227
26229
26231
26233
26238
26242
26247
26249
26258
26264
26268
26275
26283
26285
26291
26298
26313
26314
26318
26324
26326
26335
26339
26346
26348
26359
26378
26381
26389
26393
26403
26406
26416
26422
26424
26425
26429
26435
26436
26446
26447
26456
26477
26479
26499
26501
26502
26503
26504
26509
26515
26517
26518
26524
26528
26529
26531
26539
26544
26547
26554
26578
26585
26600
26603
26615
26620
26621
26629
26633
26634
26636
26643
26645
26653
26657
26659
26666
26668
26695
26702
26711
26713
26714
26728
26729
26730
26732
26737
26759
26763
26774
26781
26784
26795
26825
26832
26850
26853
26855
26863
26864
26878
26882
26887
26894
26898
26941
26951
26961
26966
26976
26997
27008
27020
27026
27037
27038
27051
27066
27083
27097
27106
27108
27113
27164
27176
27198
27199
27208
27215
27223
27225
27242
27243
27252
27271
27277
27281
27283
27296
27316
27321
27329
27331
27333
27346
27347
27355
27369
27373
27393
27402
27412
27415
27417
27428
27441
27453
27459
27462
27479
27480
27485
27491
27502
27507
27509
27511
27523
27532
27539
27549
27577
27581
27587
27593
27595
27606
27611
27612
27618
27625
27627
27643
27648
27653
27665
27675
27679
27697
27703
27707
27719
27729
27730
27736
27745
27752
27756
27758
27760
27776
27785
27786
27799
27817
27821
27823
27835
27848
27853
27857
27858
27872
27894
27906
27921
27928
27930
27935
27944
27947
27955
27957
27962
27972
27981
27983
27995
28009
28028
28044
28049
28064
28076
28097
28116
28128
28138
28144
28165
28202
28214
28216
28224
28225
28234
28238
28240
28248
28255
28264
28275
28302
28307
28319
28321
28326
28334
28346
28359
28366
28367
28382
28383
28409
28411
28418
28419
28428
28434
28440
28445
28449
28451
28455
28456
28465
28481
28491
28493
28498
28502
28506
28517
28522
28533
28537
28541
28552
28573
28586
28588
28593
28598
28611
28612
28615
28621
28629
28630
28645
28655
28659
28661
28666
28668
28676
28679
28688
28696
28698
28704
28705
28710
28711
28712
28719
28722
28741
28748
28756
28766
28786
28791
28797
28799
28806
28807
28825
28831
28833
28838
28867
28879
28900
28908
28909
28916
28925
28941
28951
28952
28966
28978
28984
29023
29059
29068
29111
29122
29128
29149
29203
29209
29231
29253
29263
29274
29276
29282
29313
29328
29332
29348
29363
29367
29374
29379
29393
29405
29418
29430
29456
29464
29467
29471
29477
29481
29485
29498
29524
29532
29539
29541
29551
29552
29553
29557
29558
29561
29562
29563
29566
29570
29571
29572
29576
29578
29580
29581
29587
29594
29602
29605
29612
29613
29625
29626
29631
29632
29634
29636
29638
29642
29645
29649
29653
29654
29662
29664
29674
29675
29676
29698
29706
29712
29724
29726
29735
29736
29745
29752
29756
29759
29766
29768
29771
29772
29789
29802
29807
29813
29814
29816
29822
29827
29832
29833
29838
29839
29846
29848
29849
29862
29864
29866
29869
29874
29876
29892
29894
29915
29923
29937
29939
29956
29962
29974
29998
30028
30054
30074
30089
30127
30138
30142
30157
30165
30173
30198
30229
30230
30252
30253
30307
30309
30320
30323
30328
30337
30372
30385
30393
30405
30424
30433
30439
30455
30457
30469
30471
30493
30499
30504
30507
30514
30521
30526
30537
30542
30549
30554
30555
30576
30603
30612
30618
30622
30627
30635
30636
30637
30650
30664
30669
30673
30675
30679
30682
30683
30686
30688
30692
30695
30703
30710
30712
30713
30714
30715
30726
30729
30731
30739
30741
30745
30758
30764
30765
30766
30768
30772
30777
30781
30791
30802
30811
30815
30822
30823
30824
30829
30838
30843
30844
30846
30853
30859
30862
30874
30879
30925
30934
30935
30949
30957
30961
30965
30967
30971
30972
30975
30978
31004
31005
31011
31016
31026
31041
31054
31062
31083
31087
31088
31096
31102
31123
31137
31152
31168
31174
31253
31263
31285
31295
31299
31300
31318
31329
31348
31369
31371
31373
31388
31392
31397
31416
31418
31421
31439
31442
31443
31445
31469
31474
31478
31484
31489
31509
31510
31512
31513
31521
31527
31532
31534
31538
31561
31583
31587
31594
31624
31632
31655
31683
31702
31703
31707
31710
31713
31725
31733
31735
31736
31754
31770
31786
31788
31792
31801
31825
31829
31832
31845
31866
31873
31878
31884
31909
31913
31915
31917
31919
31921
31924
31931
31935
31939
31958
31959
31960
31961
31969
31977
31981
31987
31989
31994
32010
32027
32053
32057
32061
32069
32071
32076
32077
32088
32098
32099
32121
32128
32133
32150
32165
32186
32213
32215
32222
32252
32287
32333
32389
32408
32411
32477
32509
32519
32540
32562
32580
32583
32594
32618
33008
33019
33027
33036
33038
33041
33049
33058
33088
33124
33135
33173
33177
33187
33213
33228
33231
33246
33261
33268
33275
33287
33297
33301
33312
33317
33325
33345
33347
33356
33362
33376
33377
33393
33398
33409
33415
33429
33446
33464
33466
33484
33487
33495
33506
33526
33536
33548
33557
33562
33577
33586
33587
33605
33609
33614
33621
33631
33651
33657
33658
33663
33664
33678
33679
33699
33705
33711
33717
33723
33744
33745
33748
33749
33754
33761
33777
33791
33805
33810
33815
33821
33824
33829
33833
33834
33837
33846
33862
33869
33877
33881
33883
33885
33886
33889
33892
33896
33902
33907
33910
33915
33924
33929
33939
33945
33946
33959
33962
33966
33976
33983
33990
33998
34003
34009
34013
34047
34056
34063
34069
34072
34083
34098
34109
34110
34116
34122
34123
34139
34146
34152
34163
34171
34172
34186
34199
34202
34213
34214
34231
34238
34240
34247
34253
34254
34262
34267
34273
34300
34302
34312
34319
34321
34336
34344
34356
34357
34363
34373
34391
34398
34401
34407
34409
34415
34421
34432
34434
34438
34445
34461
34467
34476
34504
34509
34510
34519
34523
34524
34535
34537
34545
34555
34560
34578
34579
34601
34607
34609
34615
34622
34625
34635
34644
34646
34655
34662
34691
34704
34708
34712
34720
34723
34727
34730
34731
34737
34740
34743
34748
34753
34759
34772
34785
34798
34824
34825
34838
34845
34858
34861
34866
34868
34871
34880
34882
34887
34915
34922
34924
34927
34929
34936
34949
34954
34958
34964
34975
34984
35001
35007
35011
35015
35026
35037
35041
35067
35078
35085
35092
35108
35121
35125
35127
35138
35167
35173
35188
35217
35229
35235
35302
35334
35357
35358
35376
35394
35406
35416
35426
35475
35497
35532
35576
35615
35662
35671
35699
35700
35701
35746
35793
35796
35849
35925
35953
35969
36003
36020
36021
36022
36026
36034
36038
36058
36061
36064
36073
36078
36083
36090
36091
36092
36096
36103
36104
36152
36177
36197
36208
36229
36231
36259
36278
36307
36325
36341
36397
36428
36535
36639
36686
36785
36821
36856
36859
36864
36870
36871
36872
36883
36911
36944
36974
36982
37001
37004
37006
37009
37011
37013
37014
37017
37018
37021
37031
37036
37050
37054
37055
37058
37061
37085
37089
37099
37107
37126
37144
37145
37163
37171
37193
37212
37218
37228
37235
37244
37248
37259
37279
37295
37298
37308
37367
37379
37380
37395
37403
37404
37409
37417
37432
37437
37439
37463
37470
37471
37472
37473
37481
37484
37492
37498
37514
37531
37537
37545
37549
37553
37556
37563
37575
37579
37590
37597
37602
37609
37618
37621
37626
37627
37636
37639
37642
37661
37663
37668
37670
37673
37674
37675
37676
37677
37682
37686
37689
37690
37693
37694
37698
37699
37704
37706
37708
37711
37717
37719
37729
37734
37735
37736
37740
37744
37746
37747
37749
37750
37753
37756
37759
37769
37770
37772
37781
37782
37783
37785
37786
37787
37788
37789
37791
37792
37801
37802
37808
37813
37815
37816
37825
37831
37832
37835
37843
37844
37849
37851
37852
37853
37860
37861
37864
37866
37869
37871
37872
37873
37874
37875
37877
37878
37880
37882
37883
37893
37895
37896
37897
37898
37899
37901
37905
37907
37912
37913
37914
37923
37925
37936
37941
37946
37947
37950
37952
37953
37957
37958
37959
37968
37972
37978
37981
37984
37985
37989
38001
38023
38062
38064
38069
38141
38146
38149
38178
38196
38198
38222
38232
38261
38262
38264
38267
38313
38318
38328
38334
38339
38341
38343
38345
38353
38367
38383
38388
38392
38394
38396
38403
38413
38427
38439
38457
38462
38475
38507
38511
38527
38529
38545
38551
38553
38565
38567
38579
38582
38583
38589
38598
38599
38606
38609
38611
38613
38616
38618
38634
38637
38641
38647
38656
38665
38683
38684
38685
38687
38696
38705
38711
38713
38715
38718
38719
38725
38734
38744
38750
38755
38756
38759
38763
38767
38773
38774
38791
38799
38804
38806
38812
38815
38816
38818
38827
38829
38836
38838
38844
38846
38847
38851
38856
38869
38875
38878
38880
38885
38886
38895
38899
38911
38915
38921
38927
38932
38933
38937
38943
38944
38947
38951
38954
38957
38974
38987
38989
38998
40001
40005
40007
40009
40016
40017
40022
40025
40027
40029
40030
40039
40041
40045
40050
40055
40061
40066
40067
40072
40080
40083
40087
40095
40100
40101
40102
40103
40104
40105
40110
40153
40176
40179
40180
40183
40184
40186
40190
40198
40199
40215
40223
40224
40226
40230
40233
40240
40242
40250
40253
40255
40256
40257
40260
40265
40267
40268
40270
40272
40275
40280
40285
40288
40290
40292
40296
40298
40300
40305
40310
40340
40356
40357
40360
40361
40362
40363
40364
40366
40367
40368
40369
40370
40371
40372
40373
40374
40375
40376
40377
40380
40381
40386
40387
40388
40390
40392
40394
40395
40397
40398
40399
40400
40401
40402
40404
40405
40410
40415
40416
40417
40418
40419
40420
40421
40422
40430
40432
40433
40434
40435
40436
40437
40438
40439
40440
40441
40445
40450
40550
40551
40552
40553
40564
40568
40569
40570
40571
40572
40573
40580
40581
40582
40583
40584
40585
40586
40587
40588
40589
40590
40591
40592
40593
40594
40595
40596
40602
40603
40604
40605
40606
40607
40608
40609
40610
40611
40612
40616
40619
40620
40621
40622
40623
40627
40629
40631
40632
40633
40634
40635
40637
40638
40640
40641
40642
40643
40644
40645
40646
40648
40650
40653
40655
40656
40657
40658
40660
40662
40664
40665
40666
40670
40672
40674
40675
40676
40680
40684
40686
40689
40690
40691
40699
40700
40701
40703
40704
40706
40708
40710
40712
40713
40716
40718
40719
40721
40723
40726
40727
40729
40731
40732
40734
40736
40737
40738
40739
40740
40741
40743
40745
40747
40754
40757
40762
40763
40766
40768
40769
40780
40782
40783
40785
40789
40791
40792
40794
40798
40800
40809
40811
40812
40818
40821
40827
40829
40831
40833
40835
40836
40841
40845
40848
40851
40853
40854
40856
40857
40858
40859
40872
40875
40877
40878
40879
40882
40883
40889
40890
40893
40897
40898
40904
40905
40906
40908
40909
40911
40913
40914
40916
40918
40920
40921
40922
40923
40925
40930
40931
40932
40935
40937
40938
40940
40942
40945
40948
40949
40950
40951
40952
40953
40954
40957
40968
40970
40971
40974
40977
40980
40984
40986
40988
40990
40996
41006
41008
41010
41018
41019
41020
41023
41024
41030
41031
41033
41035
41036
41055
41056
41060
41061
41080
41084
41100
41106
41112
41114
41116
41120
41128
41136
41140
41141
41150
41151
41152
41153
41154
41155
41156
41160
41161
41162
41164
41167
41168
41170
41171
41173
41175
41176
41177
41178
41184
41194
41196
41198
41200
41216
41217
41218
41226
41240
41241
41242
41244
41246
41249
41250
41252
41253
41254
41255
41256
41257
41258
41259
41262
41263
41264
41265
41267
41268
41270
41272
41275
41276
41280
41287
41288
41292
41293
41295
41301
41304
41312
41313
41314
41315
41316
41363
41367
41372
41391
41393
41396
41398
41399
41404
41407
41408
41416
41431
41434
41437
41438
41443
41451
41452
41453
41466
41477
41480
41482
41494
41504
41505
41506
41507
41508
41509
41510
41515
41516
41517
41518
41519
41520
41523
41524
41525
41526
41529
41530
41531
41532
41533
41535
41536
41560
41562
41564
41565
41571
41573
41574
41576
41577
41592
41593
41594
41596
41597
41598
41599
41600
41620
41624
41630
41636
41638
41640
41641
41646
41652
41660
41661
41672
41675
41678
41685
41696
41697
41700
41701
41710
41712
41715
41716
41718
41725
41738
41739
41744
41745
41746
41749
41756
41757
41759
41764
41768
41780
41781
41782
41785
41852
41858
41859
41863
41883
41884
41886
41890
41891
41895
41898
41907
41909
41915
41921
41922
41923
41926
41929
41933
41936
41939
41941
41943
41946
41947
41950
41951
41953
41958
41960
41963
41964
41965
41966
41967
41977
41978
41984
41989
41992
41998
42026
42027
42029
42030
42042
42044
42045
42056
42059
42060
42062
42063
42065
42071
42074
42075
42077
42078
42079
42080
42081
42083
42096
42097
42099
42101
42103
42104
42105
42107
42108
42110
42111
42112
42114
42115
42116
42117
42121
42122
42123
42131
42135
42137
42139
42140
42143
42146
42147
42148
42151
42165
42170
42174
42176
42177
42178
42181
42182
42183
42187
42188
42189
42190
42191
42206
42209
42216
42220
42237
42242
42249
42255
42257
42258
42260
42261
42262
42265
42266
42270
42271
42273
42274
42279
42282
42295
42296
42299
42305
42309
42311
42312
42314
42316
42328
42339
42343
42348
42349
42353
42354
42358
42361
42364
42366
42367
42368
42369
42372
42374
42375
42379
42381
42382
42383
42387
42390
42391
42393
42395
42397
42398
42399
42403
42404
42407
42408
42409
42410
42413
42414
42415
42416
42419
42420
42423
42426
42435
42439
42441
42447
42450
42452
42453
42456
42459
42460
42463
42467
42468
42469
42471
42472
42473
42475
42477
42479
42482
42483
42484
42487
42488
42492
42498
42499
42500
42503
42506
42511
42512
42515
42516
42522
42523
42527
42539
42540
42542
42543
42546
42547
42552
42555
42557
42559
42562
42567
42570
42571
42574
42577
42587
42588
42591
42595
42599
42603
42618
42619
42623
42631
42634
42638
42639
42643
42647
42651
42652
42654
42655
42661
42662
42665
42667
42669
42671
42672
42674
42675
42679
42693
42699
42701
42703
42705
42706
42708
42709
42711
42714
42715
42724
42726
42727
42729
42730
42731
42734
42737
42740
42744
42748
42751
42752
42753
42754
42759
42763
42767
42768
42770
42771
42776
42779
42782
42783
42790
42792
42793
42795
42798
42799
42803
42805
42807
42809
42810
42811
42812
42830
42832
42834
42837
42838
42840
42841
42846
42849
42851
42855
42860
42866
42867
42871
42872
42874
42875
42876
42883
42884
42886
42891
42894
42895
42900
42901
42903
42909
42914
42915
42916
42920
42921
42925
42931
42933
42934
42935
42937
42939
42943
42946
42948
42953
42961
42963
42966
42969
42970
42971
42973
42976
42977
43001
43002
43003
43005
43009
43011
43012
43013
43014
43017
43019
43021
43022
43025
43029
43041
43042
43049
43053
43057
43058
43060
43061
43062
43063
43064
43067
43069
43071
43076
43081
43083
43086
43087
43089
43093
43097
43105
43109
43110
43111
43113
43117
43121
43125
43128
43133
43136
43137
43147
43149
43150
43153
43157
43158
43160
43161
43168
43169
43177
43180
43181
43182
43184
43185
43187
43189
43192
43193
43194
43196
43197
43198
43200
43201
43205
43207
43212
43213
43220
43221
43225
43226
43227
43228
43229
43230
43233
43237
43241
43243
43245
43257
43258
43259
43260
43263
43264
43266
43271
43272
43275
43277
43278
43279
43284
43285
43287
43289
43291
43295
43296
43299
43301
43302
43303
43309
43310
43311
43314
43315
43316
43317
43318
43319
43320
43321
43322
43324
43325
43329
43330
43331
43333
43334
43335
43336
43337
43338
43339
43340
43341
43342
43343
43344
43345
43346
43347
43348
43349
43351
43352
43354
43355
43356
43357
43358
43359
43360
43361
43363
43364
43367
43369
43371
43372
43373
43376
43377
43379
43382
43385
43400
43404
43410
43413
43415
43418
43421
43422
43424
43436
43441
43444
43450
43466
43467
43473
43475
43476
43479
43486
43495
43497
43533
43555
43577
43588
43599
44203
44207
44212
44213
44214
44215
44218
44225
44230
44231
44232
44237
44239
44241
44256
44259
44265
44272
44275
44277
44282
44284
44285
44287
44288
44292
44294
44298
44302
44304
44305
44313
44314
44317
44336
44341
44347
44352
44354
44358
44373
44404
44406
44409
44416
44418
44424
44429
44434
44438
44449
44454
44462
44474
44477
44478
45004
45005
45007
45009
45010
45011
45013
45018
45020
45031
45032
45033
45034
45035
45036
45037
45038
45039
45040
45041
45042
45043
45044
45045
47003
47005
47008
47014
47016
47020
47022
47025
47028
47031
47035
47037
47039
47041
47046
47050
47052
47055
47058
47060
47061
47065
47067
47068
47069
47070
47075
47080
47081
47082
47083
47084
47085
47086
47087
47088
47090
47091
47092
47094
47095
47097
47098
47099
47100
47101
47102
47103
47104
47105
47106
47107
47108
47109
47110
47111
47112
47113
47114
47115
47116
47117
47118
47119
47120
47121
47122
47123
47124
47125
47126
47127
47128
47129
47130
47131
47132
47133
47134
47135
47136
47137
47138
47139
47140
47141
47142
47143
47144
47145
47146
47147
47148
47149
47150
47151
47152
47153
47154
47155
47156
47157
47158
47159
47160
47161
47162
47163
47165
47166
47167
47168
47169
47170
47171
47172
47173
47174
47175
47178
47179
47180
47182
47184
47185
47187
47188
47189
47192
47401
47402
47404
47405
47406
47407
47409
47411
47412
47413
47415
47417
47418
47419
47420
47421
47422
47423
47424
47425
47426
47428
47430
47432
47433
47435
47440
47441
47474
47476
47477
47479
47480
47481
47483
47487
47488
47489
47490
47512
47513
47515
47516
47520
47542
47545
47549
47551
47553
47557
47567
47569
47570
47572
47573
47574
47575
47576
47580
47581
47582
47583
47584
47585
47587
47588
47590
47591
47592
47594
47595
47597
47598
47600
47602
47604
47605
47606
47607
47610
47611
47612
47615
47616
47617
47618
47620
47622
47624
47625
47626
47628
47629
47631
47632
47634
47636
47637
47638
47639
47640
47641
47642
47643
47644
47646
47648
47649
47651
47652
47653
47654
47655
47656
47657
47658
47659
47660
47661
47662
47663
47666
47668
47670
47671
47672
47674
47675
47677
47678
47679
47680
47681
47682
47684
47685
47686
47687
47688
47690
47692
47695
47696
47702
47704
47705
47706
47707
47709
47715
47716
47721
47727
47730
47735
47738
47739
47740
47741
47742
47743
47744
47746
47747
47749
47750
47754
47755
47756
47759
47761
47762
47764
47765
47766
47767
47768
47769
47770
47771
47772
47773
47774
47776
47777
47778
47779
47780
47782
47783
47784
47786
47787
47788
47789
47790
47791
47792
47793
47794
47795
47796
47799
47800
47803
47805
47806
47807
47808
47809
47810
47811
47812
47813
47814
47815
47816
47817
47818
47819
47821
47822
47823
47824
47827
47829
47830
47831
47833
47835
47836
47837
47838
47840
47843
47844
47848
47850
47851
47852
47853
47854
47855
47856
47857
47859
47860
47869
47870
47872
47880
47881
47882
47883
47884
47887
47890
47891
47892
47893
47895
47897
47898
47899
47909
47912
47917
47918
47919
47920
47925
47926
47927
47928
47929
47930
47931
47933
47936
47937
47938
47940
47942
47945
47946
47971
47981
47991
48001
48004
48008
48010
48017
48018
48019
48020
48024
48025
48030
48031
48033
48035
48036
48037
48040
48042
48045
48047
48048
48051
48053
48057
48058
48060
48062
48064
48067
48068
48070
48071
48072
48074
48075
48077
48078
48080
48085
48087
48088
48089
48090
48093
48094
48095
48096
48097
48098
48099
48101
48103
48107
48108
48109
48110
48112
48300
48302
48303
48304
48307
48310
48315
48324
48325
48327
48328
48329
48330
48331
48333
48334
48350
48351
48352
48353
48354
48355
48356
48357
48358
48360
48372
48373
48374
48375
48376
48377
48378
48379
48380
48381
48382
48383
48384
48385
48386
48387
48390
48400
48401
48402
48403
48404
48405
48407
48408
48409
48413
48415
48416
48418
48419
48420
48421
48425
48426
48427
48429
48430
48431
48432
48433
48434
48435
48436
48437
48439
48440
48450
48451
48453
48454
48455
48456
48457
48458
48459
48460
48461
48462
48463
48464
48465
48474
48475
48477
48478
48479
48480
48481
48500
48501
48517
48520
48532
48550
48551
48552
48554
48555
48556
48557
48560
48561
48563
48564
48565
48566
48567
48568
48569
48570
48571
48574
48580
48581
48583
48600
48601
48602
48603
48604
48615
48616
48618
48619
48620
48623
48625
48632
48642
48647
48648
48649
48650
48653
48657
48665
48670
48672
48674
48679
48687
48692
48694
48698
48803
48806
48808
48820
48823
48825
48826
48830
48839
48840
48845
48848
48852
48855
48860
48870
48877
48887
48892
48894
48900
48914
48916
48917
48918
48919
48920
48921
48924
48925
48926
48927
48928
48930
48935
48936
48937
48938
48939
48940
48941
48942
48943
48944
48945
48946
48947
48948
48952
48955
48956
48957
48962
48963
48964
48965
48966
48967
48968
48969
48970
48971
48972
48973
48978
48982
48983
48985
48986
48990
48991
48992
48993
48995
48997
48998
50136
50353
50434
50468
50527
50548
50557
50564
50603
50632
50658
50727
50745
50756
50774
50788
50844
50854
50888
50915
50949
50953
50963
50968
50978
50983
51053
51076
51087
51133
51156
51243
51288
51334
51379
51431
51463
51467
51495
51542
51573
51644
51656
51709
51711
51716
51730
51747
51765
51777
51811
51818
51828
51839
51886
52112
52118
52203
52267
52323
52378
52418
52436
52495
52533
52602
52652
52681
52713
52737
52754
52787
52818
52836
52866
52908
52955
52983
52996
53068
53083
53149
53192
53231
53276
53336
53352
53391
53463
53480
53487
53502
53513
53529
53543
53564
53588
53593
53614
53646
53673
53698
53705
53723
53764
53772
53787
53798
53845
53863
53898
53915
53923
53959
53975
54012
54026
54027
54049
54094
54096
54102
54115
54135
54157
54161
54186
54208
54218
54226
54236
54259
54273
54292
54308
54311
54324
54337
54342
54346
54374
54377
54386
54401
54405
54423
54436
54471
54493
54497
54511
54527
54534
54539
54587
54602
54618
54662
54715
54725
54727
54751
54753
54776
54808
54823
54826
54836
54843
54857
54863
54909
54916
54929
54945
55228
55279
55299
55472
55578
55591
55664
55696
55773
56004
56018
56021
56029
56033
56046
56065
56079
56080
56096
56106
56116
56137
56144
56146
56152
56167
56172
56182
56187
56193
56196
56247
56257
56287
56294
56312
56357
56374
56385
56444
56462
56492
56571
56586
56651
56671
56684
56691
56739
56748
56751
56763
56768
56778
56786
56838
56886
56946
56951
56954
56959
56964
56966
56969
56977
56985
57014
57025
57036
57046
57067
57071
57083
57127
57131
57178
57193
57237
57245
57259
57265
57279
57290
57297
57306
57328
57348
57378
57399
57411
57426
57447
57461
57476
57494
57503
57516
57554
57584
57598
57604
57633
57655
57662
57679
57687
57707
57712
57713
57731
57745
57749
57766
57776
57793
57799
57816
57832
57845
57853
57866
57902
57916
57922
57932
57957
57972
57993
58027
58040
58102
58141
58144
58150
58203
58208
58221
58238
58251
58265
58314
58321
58338
58345
58362
58424
58437
58457
58472
58477
58506
58527
58543
58556
58569
58606
58633
58646
58660
58665
58666
58715
58725
58730
58731
58752
58754
58813
58834
58847
58849
58853
58911
58921
58926
58931
58944
58965
58968
58974
59007
59023
59046
59058
59072
59082
59087
59096
59102
59117
59134
59152
59158
59162
59209
59211
59254
59265
59278
59280
59287
59293
59316
59345
59348
59353
59358
59362
59368
59417
59431
59456
59493
59501
59553
59554
59556
59559
59562
59567
59632
59644
59658
59663
59673
59758
59792
59838
59845
59855
59948
59981
59985
59995
59997
60001
60005
60007
60010
60015
60018
60020
60025
60028
60030
60033
60035
60040
60060
60096
60100
60101
60105
60106
60107
60115
60120
60127
60128
60135
60136
60141
60146
60150
60155
60156
60160
60165
60177
60178
60185
60190
60191
60195
60200
60210
60220
60223
60230
60237
60250
60252
60253
60265
60270
60280
60285
60318
60320
60335
60338
60340
60351
60353
60355
60360
60367
60369
60387
60390
60395
60401
60402
60403
60405
60410
60415
60417
60419
60421
60423
60425
60430
60437
60444
60445
60452
60457
60461
60467
60468
60471
60475
60476
60481
60490
60506
60507
60511
60514
60515
60517
60518
60520
60522
60525
60531
60535
60536
60540
60545
60549
60550
60555
60557
60559
60560
60563
60566
60571
60580
60581
60590
60602
60603
60607
60611
60620
60630
60640
60656
60670
60680
60686
60690
60710
60714
60715
60720
60723
60725
60728
60729
60731
60732
60734
60735
60738
60739
60740
60742
60745
60748
60750
60760
60764
60765
60769
60770
60772
60775
60780
61017
61024
61036
61043
61045
61049
61052
61053
61075
61080
61085
61090
61091
61096
61099
61202
61214
61223
61226
61230
61233
61235
61240
61250
61257
61265
61270
61272
61277
61285
61288
61291
61293
61296
61297
61401
61404
61415
61421
61437
61442
61450
61461
61470
61489
61492
61497
61498
61499
61510
61520
61600
61612
61627
61630
61641
61666
61679
61687
61695
61697
61698
61699
61701
61705
61707
61711
61712
61717
61720
61721
61722
61731
61733
61766
61769
61777
61781
61802
61809
61811
61816
61818
61820
61829
61831
61832
61833
61834
61847
61849
61856
61866
61873
61877
61878
61881
61886
61891
61892
61901
61902
61903
61931
61934
61966
61967
61968
61970
61972
61974
61976
61978
61979
61980
61982
61986
61988
61989
61990
61995
61996
61997
61998
62002
62007
62008
62010
62011
62012
62014
62016
62018
62019
62053
62054
62055
62056
62059
62062
62103
62120
62121
62124
62131
62161
62176
62200
62212
62259
62271
62301
62305
62306
62309
62315
62318
62324
62325
62329
62330
62332
62335
62336
62337
62345
62354
62357
62360
62366
62369
62371
62375
62378
62381
62387
62389
62392
62393
62397
62398
62402
62403
62405
62408
62414
62417
62419
62420
62423
62425
62432
62435
62440
62450
62452
62453
62454
62455
62456
62457
62458
62459
62460
62463
62464
62465
62467
62476
62600
62615
62620
62635
62640
62641
62650
62652
62660
62671
62675
62680
62682
62700
62721
62722
62723
62730
62733
62750
62751
62752
62760
62762
62770
62771
62772
62774
62781
62790
62795
62801
62803
62805
62809
62810
62840
62871
62880
62941
63006
63021
63023
63043
63125
63145
63150
63160
63170
63175
63180
63190
63200
63210
63220
63225
63227
63228
63230
63235
63237
63240
63245
63247
63248
63250
63260
63270
63330
63331
63332
63333
63334
63340
63402
63403
63450
63451
63453
63460
63471
63474
63478
63500
63533
63602
63612
63619
63624
63628
63630
63641
63654
63658
63661
63671
63674
63680
63682
63684
63686
63687
63688
63695
63702
63705
63708
63709
63710
63711
63714
63717
63720
63723
63726
63729
63733
63737
63740
63741
63742
63756
63766
63772
63784
63789
63790
63791
63793
63799
63801
63810
63816
63820
63832
63840
63844
63845
63862
63866
63870
63881
63887
63894
63895
63932
63936
63962
63969
63971
63980
63981
63985
63994
63995
63996
64005
64006
64008
64014
64015
64016
64018
64021
64034
64040
64056
64062
64071
64072
64074
64076
64077
64101
64108
64115
64126
64146
64155
64156
64157
64159
64170
64180
64184
64201
64203
64204
64206
64207
64209
64210
64211
64217
64220
64222
64224
64228
64235
64246
64247
64248
64264
64276
64282
64285
64301
64303
64315
64328
64348
64360
64370
64380
64381
64383
64384
64387
64390
64397
64400
64401
64402
64403
64405
64450
64451
64452
64453
64454
64456
64458
64459
64460
64462
64463
64500
64501
64503
64504
64507
64510
64512
64518
64545
64550
64551
64552
64556
64560
64570
64580
64600
64601
64605
64610
64650
64654
64655
64656
64658
64659
64660
64661
64662
64665
64700
64701
64702
64705
64706
64707
64708
64709
64750
64751
64753
64754
64755
64756
64757
64758
64810
64820
64851
64860
64870
64880
64882
64890
64892
64893
64900
64901
64910
64911
64920
64930
64931
64950
64960
64961
64971
65001
65003
65010
65015
65019
65028
65030
65046
65055
65064
65073
65075
65082
65101
65108
65112
65123
65124
65125
65134
65145
65167
65200
65201
65202
65203
65208
65210
65213
65215
65222
65224
65229
65232
65236
65243
65245
65246
65250
65252
65254
65257
65260
65264
65271
65273
65274
65275
65306
65319
65330
65335
65338
65344
65351
65352
65355
65357
65361
65376
65378
65380
65387
65401
65404
65416
65418
65420
65432
65437
65439
65442
65445
65450
65453
65457
65459
65460
65462
65465
65467
65469
65472
65473
65475
65500
65501
65502
65503
65505
65507
65510
65516
65518
65522
65523
65528
65536
65545
65548
65555
65557
65560
65562
65563
65578
65585
65592
65594
65599
65602
65660
66104
66116
66118
66121
66130
66136
66140
66142
66152
66160
66172
66187
66210
66215
66223
66226
66240
66260
66270
66285
66296
66305
66310
66318
66325
66390
66410
66422
66447
66450
66460
66485
67001
67002
67004
67005
67009
67012
67017
67019
67020
67022
67023
67025
67027
67037
67045
67067
67072
67073
67083
67085
67095
67107
67113
67117
67131
67137
67143
67152
67157
67161
67194
67197
67205
67210
67215
67217
67221
67223
67229
67231
67237
67241
67243
67260
67261
67273
67280
67283
67285
67295
67297
67308
67315
67323
67324
67335
67341
67346
67403
67413
67421
67423
67424
67441
67461
67469
67475
67476
67477
67481
67485
67489
67493
67531
67541
67543
67551
67561
67563
67571
67575
67580
67581
67583
67584
67585
67586
67588
67591
67597
67599
67625
67633
67641
67655
67659
67662
67663
67665
67666
67667
67673
67687
67689
67690
67692
67693
67695
67699
67731
67741
67743
67751
67753
67755
67761
67765
67767
67771
67773
67774
67775
67779
67781
67785
67789
67791
67793
67796
67797
67843
67853
67861
67863
67865
67867
67869
67871
67875
67877
67881
67889
67891
67895
67897
67899
67951
67961
67963
67964
67965
67967
67969
67971
67974
67975
67976
67977
67979
67983
67991
68004
68006
68010
68014
68016
68018
68024
68026
68029
68030
68031
68032
68034
68038
68040
68054
68070
68098
68102
68104
68106
68108
68109
68110
68112
68114
68116
68148
68151
68155
68163
68174
68176
68181
68182
68183
68185
68191
68196
68212
68220
68226
68234
68240
68241
68242
68244
68253
68255
68257
68261
68262
68263
68265
68267
68268
68269
68271
68272
68273
68285
68287
68289
68291
68295
68296
68297
68298
68299
68300
68312
68320
68322
68325
68328
68329
68331
68333
68335
68338
68341
68342
68343
68345
68347
68349
68350
68353
68355
68361
68362
68363
68368
68370
68375
68377
68380
68387
68390
68391
68392
68393
68395
68396
68397
68398
68399
68400
68403
68408
68411
68416
68424
68425
68429
68438
68442
68443
68447
68449
68452
68454
68456
68461
68471
68474
68478
68479
68481
68485
68487
68488
68491
68493
68494
68495
68497
68512
68513
68514
68515
68523
68524
68527
68538
68541
68543
68546
68549
68558
68570
68572
68575
68577
68579
68580
68581
68582
68583
68585
68587
68588
68589
68591
68592
68593
68613
68614
68618
68619
68624
68633
68647
68649
68651
68657
68668
68671
68673
68674
68677
68711
68712
68713
68714
68715
68717
68718
68719
68722
68723
68727
68737
68744
68747
68752
68754
68811
68813
68814
68816
68817
68819
68821
68825
68826
68828
68832
68833
68835
68837
68839
68840
68841
68842
68843
68845
68849
68858
68906
68911
68912
68915
68916
68918
68920
68921
68923
68925
68926
68927
68928
68931
68933
68935
68938
68939
68992
68994
68999
70026
70086
70104
70116
70117
70119
70121
70133
70162
70173
70174
70178
70194
70197
70200
70207
70212
70218
70219
70222
70231
70232
70235
70246
70248
70249
70251
70252
70259
70260
70261
70264
70265
70266
70267
70268
70270
70271
70272
70273
70274
70275
70277
70279
70291
70296
70298
70305
70308
70316
70321
70326
70333
70340
70341
70343
70350
70361
70362
70367
70371
70381
70383
70385
70386
70387
70395
70398
70409
70414
70482
71001
71002
71003
71004
71005
71006
71007
71008
71009
71010
71011
71012
71013
71014
71015
71016
71017
71018
71019
71020
71021
71022
71023
71024
71026
71027
71028
71029
71030
71032
71033
71035
71036
71037
71038
71039
71040
71041
71043
71044
71045
71046
71047
71048
71049
71050
71051
71055
71056
71057
71059
71060
71061
71062
71063
71064
71065
71066
71067
71068
71069
71070
71072
71073
71074
71075
71076
71077
71078
71079
71081
71082
71083
71084
71085
71086
71087
71088
71089
71090
71091
71092
71093
71094
71095
71096
71097
71098
71099
71101
71102
71103
71104
71105
71107
71108
71109
71110
71111
71112
71113
71114
71115
71116
71117
71118
71119
71120
71121
71122
71123
71125
71127
71129
71130
71131
71132
71133
71135
71136
71137
71138
71139
71140
71141
71142
71143
71144
71145
71147
71148
71149
71150
71151
71152
71153
71154
71155
71156
71157
71158
71159
71160
71161
71162
71163
71164
71165
71166
71167
71168
71170
71171
71172
71174
71176
71177
71178
71179
71180
71181
71182
71183
71184
71185
71186
71187
71188
71189
71190
71191
71192
71193
71194
71196
71197
71198
71199
71200
71201
71202
71203
71207
71208
71209
71211
71212
71213
71214
71215
71216
71217
71218
71219
71220
71221
71222
71223
71224
71225
71226
71227
71228
71229
71230
71231
71232
71233
71234
71235
71236
71237
71238
71239
71240
71241
71242
71243
71244
71245
71246
71247
71248
71249
71250
71251
71252
71253
71254
71255
71256
71257
71258
71259
71260
71261
71263
71264
71265
71267
71268
71269
71270
71271
71272
71273
71274
71275
71276
71277
71278
71279
71281
71282
71283
71284
71285
71286
71287
71288
71289
71290
71291
71292
71293
71294
71295
71296
71297
71298
71299
71300
71301
71302
71303
71304
71305
71306
71307
71308
71309
71310
71311
71312
71313
71314
71315
71316
71317
71318
71319
71320
71321
71322
71323
71326
71331
71332
71334
71335
71337
71338
71339
71340
71341
71342
71343
71344
71345
71346
71347
71348
71349
71350
71351
71352
71353
71354
71355
71356
71357
71358
71359
71360
71361
71362
71363
71364
71365
71368
71369
71370
71371
71372
71373
71374
71375
71376
71377
71378
71379
71380
71381
71382
71383
71384
71385
71386
71387
71388
71389
71390
71391
71392
71393
71395
71397
71398
71399
71400
71401
71402
71403
71404
71405
71406
71407
71408
71409
71410
71411
71412
71413
71414
71415
71417
71418
71419
71421
71423
71424
71425
71426
71427
71428
71429
71430
71431
71432
71433
71434
71435
71436
71437
71438
71439
71440
71441
71442
71443
71444
71445
71446
71447
71448
71449
71450
71451
71452
71453
71454
71455
71456
71457
71458
71459
71460
71461
71462
71463
71464
71465
71466
71467
71470
71471
71472
71473
71474
71475
71476
71477
71478
71479
71480
71481
71482
71483
71484
71485
71486
71487
71488
71489
71490
71491
71492
71493
71494
71495
71496
71497
71498
71499
71500
71501
71502
71503
71504
71505
71506
71507
71508
71509
71510
71511
71512
71513
71514
71515
71516
71517
71518
71519
71520
71521
71522
71523
71524
71525
71526
71527
71528
71529
71531
71532
71533
71534
71535
71536
71537
71538
71539
71540
71541
71542
71543
71544
71545
71546
71547
71548
71549
71550
71551
71552
71553
71554
71555
71556
71557
71558
71559
71560
71561
71563
71564
71565
71566
71567
71569
71570
71571
71572
71573
71574
71575
71576
71577
71578
71579
71580
71581
71582
71583
71584
71585
71586
71587
71588
71589
71590
71592
71593
71598
71599
71600
71601
71603
71604
71605
71607
71608
71609
71610
71611
71612
71614
71616
71617
71618
71619
71621
71622
71623
71624
71625
71627
71628
71629
71630
71631
71632
71633
71634
71638
71639
71642
71660
71663
71665
71666
71667
71668
71670
71671
71672
71673
71674
71675
71678
71679
71680
71681
71682
71683
71684
71685
71686
71687
71688
71689
71690
71691
71692
71694
71695
71696
71697
71700
71701
71702
71703
71704
71705
71706
71707
71709
71710
71711
71712
71713
71714
71715
71716
71718
71719
71720
71721
71722
71723
71724
71725
71726
71727
71728
71730
71731
71732
71733
71734
71736
71737
71738
71739
71741
71742
71743
71744
71746
71747
71748
71749
71750
71751
71752
71753
71754
71756
71757
71758
71761
71765
71766
71767
71768
71769
71770
71771
71772
71773
71774
71775
71776
71777
71778
71779
71780
71781
71782
71783
71784
71785
71786
71787
71788
71789
71791
71792
71793
71794
71795
71796
71797
71799
71800
71801
71802
71803
71805
71807
71808
71809
71810
71811
71812
71813
71814
71815
71816
71817
71818
71819
71820
71821
71822
71823
71824
71825
71826
71827
71828
71829
71830
71831
71832
71833
71834
71835
71836
71837
71839
71840
71841
71842
71843
71844
71845
71846
71848
71849
71850
71851
71852
71853
71854
71855
71857
71858
71860
71861
71862
71863
71864
71865
71866
71867
71868
71869
71870
71871
71872
71874
71875
71876
71877
71878
71879
71880
71881
71882
71883
71885
71886
71887
71888
71889
71891
71892
71893
71894
71895
71896
71897
71898
71899
71900
71902
71903
71904
71905
71906
71907
71908
71909
71910
71911
71912
71913
71914
71915
71916
71917
71918
71920
71922
71923
71924
71925
71926
71927
71928
71930
71931
71932
71933
71934
71935
71936
71937
71938
71940
71941
71943
71944
71945
71946
71947
71948
71949
71950
71951
71952
71954
71956
71957
71958
71959
71960
71962
71963
71964
71966
71967
71968
71970
71971
71972
71973
71974
71975
71976
71977
71978
71979
71980
71981
71982
71983
71984
71985
71986
71987
71989
71990
71999
72201
72202
72203
72205
72206
72207
72208
72209
72210
72211
72212
72213
72214
72215
72216
72217
72218
72219
72220
72221
72222
72223
72224
72225
72226
72227
72228
72229
72230
72231
72232
72233
72234
72235
72239
72240
72241
72242
72243
72244
72247
72248
72249
72250
72251
72253
72254
72255
72256
72257
72258
72259
72260
72261
72262
72263
72264
72265
72266
72267
72268
72269
72270
72271
72272
72273
72274
72278
72280
72281
72286
72289
72290
72291
72293
72295
72297
72301
72302
72303
72304
72305
72306
72307
72308
72309
72310
72311
72312
72314
72315
72316
72317
72318
72319
72320
72323
72324
72325
72326
72327
72328
72329
72330
72332
72334
72335
72340
72341
72344
72345
72348
72349
72351
72352
72353
72354
72355
72356
72357
72360
72363
72364
72365
72366
72370
72371
72374
72376
72381
72382
72383
72384
72386
72387
72389
72390
72391
72393
72394
72398
72399
72401
72402
72403
72404
72405
72406
72407
72408
72409
72410
72411
72412
72414
72417
72418
72419
72420
72421
72422
72423
72424
72425
72426
72427
72428
72429
72432
72434
72435
72438
72439
72440
72441
72442
72443
72445
72446
72449
72450
72451
72452
72453
72455
72456
72458
72460
72462
72464
72465
72466
72468
72469
72470
72475
72476
72477
72480
72481
72483
72486
72487
72488
72489
72491
72492
72493
72494
72495
72501
72502
72503
72504
72505
72506
72507
72508
72509
72510
72513
72514
72515
72517
72518
72519
72520
72521
72522
72523
72524
72525
72526
72528
72529
72530
72531
72532
72533
72534
72535
72536
72537
72539
72540
72542
72543
72544
72545
72546
72547
72548
72549
72550
72551
72552
72553
72554
72556
72557
72558
72561
72562
72564
72565
72566
72567
72569
72570
72572
72576
72578
72581
72582
72583
72585
72591
72592
72593
72594
72597
72604
72605
72606
72607
72608
72612
72613
72614
72617
72618
72619
72632
72634
72635
72636
72637
72638
72639
72640
72641
72643
72644
72645
72648
72649
72650
72651
72652
72653
72654
72655
72656
72658
72659
72661
72662
72665
72666
72669
72670
72671
72672
72677
72681
72683
72688
72692
72693
72694
72698
72712
72713
72741
72743
72744
72745
72747
72750
72753
72755
72756
72757
72758
72763
72764
72765
72767
72768
72769
72770
72772
72773
72774
72775
72776
72777
72779
72781
72783
72784
72785
72786
72787
72788
72789
72790
72791
72792
72793
72797
74001
74002
74003
74004
74201
74206
74207
74230
74341
74357
74365
74370
74389
74392
74393
74413
74420
74421
74431
74433
74437
74440
74445
74449
74455
74460
74465
74466
74468
74480
74483
74484
74486
74490
74491
74492
74494
74500
74501
74504
74506
74509
74516
74521
74530
74531
74532
74533
74541
74542
74545
74546
74550
74551
74556
74560
74570
74589
74594
74595
74598
74604
74606
74611
74612
74614
74618
74619
74626
74629
74630
74631
74635
74638
74640
74641
74647
74648
74649
74662
74671
74693
74695
74699
74702
74718
74724
74730
74731
74732
74733
74734
74735
74736
74739
74740
74745
74746
74750
74752
74753
74754
74755
74756
74757
74758
74759
74768
74769
74775
74777
74778
74780
74781
74782
74783
74787
74788
74790
74791
74792
74793
74794
74795
74796
76040
76050
76055
76061
76113
76118
76122
76160
76220
76225
76243
76253
76256
76258
76305
76311
76323
76342
76373
76382
76390
76393
76394
76401
76402
76405
76412
76423
76458
76471
76491
76499
76519
76525
76539
76543
76548
76551
76556
76571
76573
76577
76581
76585
76593
76595
76612
76625
76632
76634
76640
76644
76647
76649
76654
76656
76658
76662
76665
76670
76675
76679
76680
76681
76683
76685
76687
76692
76695
76698
76723
76726
76737
76741
76743
76750
76751
76762
76773
76775
76805
76833
76840
76843
76845
76848
76855
76903
78016
78061
78062
78065
78066
78069
78070
78073
78075
78077
78080
78084
78086
78087
78088
78089
78091
78092
78094
78095
78101
78103
78104
78108
78109
78114
78118
78120
78121
78221
78224
78229
78244
78255
78256
78264
78267
78268
78310
78311
78312
78313
78314
78315
78316
78317
78318
78319
78320
78321
78322
78323
78324
78325
78327
78328
78329
78330
78331
78332
78333
78335
78336
78337
78338
78339
78340
78341
78342
78343
78344
78345
78346
78347
78348
78349
78350
78351
78352
78353
78354
78355
78357
78358
78359
78360
78361
78362
78363
78364
78365
78366
78367
78368
78369
78370
78371
78373
78374
78375
78376
78377
78378
78379
78383
78384
78385
78387
78388
78397
78399
78401
78409
78435
78437
78439
78447
78449
78451
78458
78460
78464
78466
78467
78470
78473
78479
78480
78482
78484
78485
78486
78488
78501
78526
78535
78543
78545
78547
78550
78551
78583
78584
78588
78596
78615
78625
78627
78629
78631
78637
78639
78640
78641
78647
78649
78650
78655
78662
78663
78666
78670
78672
78700
78701
78703
78704
78705
78706
78707
78708
78711
78714
78717
78718
78719
78720
78721
78724
78728
78729
78730
78731
78732
78733
78734
78735
78736
78737
78738
78739
78740
78741
78742
78743
78744
78745
78760
78762
78764
78767
78774
78789
78792
78793
78795
78807
78825
78846
78857
78858
78861
78862
78866
78873
78890
78891
78894
78896
78897
78905
78906
78922
78924
78925
78947
78948
78951
78954
78955
78958
78962
78969
78970
78982
78988
78990
80001
80002
80009
80022
80028
80035
80036
80044
80048
80062
80063
80074
80077
80084
80089
80091
80094
80097
80099
80110
80112
80132
80139
80143
80144
80149
80175
80210
80211
80214
80219
80222
80234
80241
80252
80259
80300
80308
80315
80318
80322
80336
80337
80342
80346
80354
80361
80370
80372
80385
80398
80400
80403
80405
80407
80410
80412
80413
80415
80416
80419
80420
80421
80422
80423
80425
80426
80427
80428
80431
80432
80434
80435
80437
80438
80440
80442
80444
80447
80448
80450
80453
80457
80462
80472
80475
80476
80478
80479
81001
81002
81005
81006
81010
81058
81080
81100
81200
81202
81209
81225
81250
81251
81253
81260
81401
81403
81405
81406
81408
81415
81609
81615
81628
81637
81648
81658
81660
81680
81682
81685
81687
81699
81700
81702
81703
81710
81711
81715
81716
81717
81729
81730
81732
81733
81734
81737
81739
81742
81743
81745
81749
81751
81752
81754
81755
81756
81758
81770
81774
81778
81784
81786
81788
81790
81792
81794
81797
81798
81820
81821
81822
81823
81825
81827
81828
81829
81830
81831
81832
81833
81834
81835
81836
81838
81839
81846
81847
81848
81860
81863
81866
81868
81869
81870
81872
81873
81875
81876
81877
81878
81888
81890
81893
81900
81901
81903
81905
81908
81909
81910
81911
81912
81913
81914
81915
81916
81917
81918
81921
81922
81924
81927
81932
81940
81941
81950
81951
81953
81954
81955
81956
81957
81958
81963
81965
81970
81975
81976
81977
81978
81979
81982
81985
81986
81987
81988
81989
81990
81991
81992
81993
81994
81995
81996
81997
81998
82017
82022
82024
82026
82030
82042
82067
82068
82091
82094
82096
82098
82099
82100
82103
82106
82107
82113
82141
82143
82145
82178
82181
82184
82188
82191
82193
82198
82212
82240
82244
82246
82263
82277
82280
82281
82287
82288
82294
82296
82298
82303
82317
82318
82326
82331
82332
82333
82335
82336
82353
82354
82360
82361
82376
82382
82392
82397
82398
82400
82410
82411
82418
82425
82444
82445
82460
82474
82476
82480
82487
82493
82532
82533
82562
82563
82564
82565
82567
82568
82571
82578
82579
82583
82586
82588
82590
82592
82594
82595
82596
82598
82599
82610
82640
82659
82668
82669
82676
82678
82683
82684
82686
82689
82690
82691
82693
82696
82704
82705
82723
82727
82741
82753
82764
82765
82768
82771
82777
82780
82784
82789
82791
82792
82795
82796
82797
82798
82800
82807
82808
82824
82825
82861
82862
82863
82870
82879
82882
82886
82890
82892
82893
82894
82895
82899
82900
82915
82917
82927
82930
82965
82970
82975
82976
82979
82983
82984
82986
82989
82990
82992
82993
82994
82996
83010
83011
83013
83015
83016
83032
83033
83034
83036
83037
83048
83049
83054
83055
83058
83063
83064
83065
83075
83076
83088
83089
83090
83095
83096
83097
83103
83112
83114
83115
83117
83118
83179
83182
83184
83186
83190
83192
83195
83208
83214
83220
83221
83222
83228
83229
83231
83235
83236
83242
83244
83248
83249
83264
83267
83270
83286
83288
83289
83292
83295
83302
83309
83319
83332
83334
83338
83339
83344
83345
83348
83349
83350
83358
83359
83361
83362
83363
83364
83365
83368
83373
83374
83375
83376
83377
83378
83379
83383
83384
83386
83388
83389
83393
83395
83398
83405
83408
83410
83419
83423
83424
83428
83436
83437
83441
83442
83446
83452
83460
83464
83467
83470
83479
83481
83483
83485
83488
83492
83497
83498
83499
83512
83513
83514
83521
83522
83523
83525
83526
83531
83533
83536
83538
83543
83546
83550
83552
83554
83557
83565
83566
83570
83571
83574
83576
83577
83579
83581
83582
83583
83586
83587
83588
83589
83591
83592
83595
83596
83597
83599
83609
83611
83612
83616
83617
83618
83623
83629
83630
83631
83632
83635
83637
83639
83642
83644
83646
83648
83649
83650
83652
83654
83659
83660
83663
83668
83669
83671
83672
83674
83676
83681
83683
83687
83688
83689
83692
83695
83696
83698
83700
83702
83703
83704
83708
83714
83716
83718
83719
83721
83722
83726
83729
83732
83736
83737
83738
83741
83742
83743
83744
83745
83746
83748
83749
83755
83757
83759
83766
83767
83768
83769
83773
83774
83775
83778
83779
83780
83781
83782
83783
83784
83786
83787
83788
83789
83801
83805
83807
83811
83813
83814
83818
83821
83824
83825
83827
83828
83829
83831
83836
83837
83840
83842
83844
83851
83857
83860
83864
83867
83872
83874
83881
83883
83887
83891
83895
83897
83899
83905
83907
83912
83914
83916
83918
83919
83920
83923
83924
83925
83926
83927
83928
83931
83932
83936
83937
83941
83942
83946
83948
83952
83953
83954
83961
83964
83967
83970
83971
83972
83980
83981
83984
83985
83995
83997
83998
84001
84008
84010
84018
84027
84036
84043
84045
84050
84056
84063
84069
84071
84072
84076
84088
84099
84101
84105
84117
84123
84132
84135
84137
84140
84143
84147
84149
84160
84163
84176
84179
84200
84202
84203
84204
84217
84226
84239
84252
84265
84270
84370
84377
84378
84390
84401
84410
84416
84425
84440
84444
84452
84455
84472
84474
84501
84515
84531
84534
84542
84564
84580
84593
84605
84628
84629
84658
84659
84673
84686
84688
84691
84720
84735
84752
84773
84782
84950
85033
85041
85043
85104
85109
85114
85123
85139
85140
85141
85151
85152
85153
85154
85175
85195
85196
85201
85207
85210
85223
85230
85242
85244
85245
85247
85264
85268
85283
85289
85293
85312
85315
85345
85364
85365
85394
85406
85418
85432
85442
85467
85469
85488
85574
85577
85585
85586
85629
85672
85682
85743
85766
85782
85799
85832
85834
85864
85874
85886
85889
85892
85896
85930
85934
85968
85972
86011
86033
86065
86068
86086
86097
86128
86134
86170
86185
86192
86210
86218
86221
86233
86234
86246
86255
86260
86268
86285
86294
86297
86315
86330
86350
86360
86370
86430
86440
86450
86460
86490
86500
86530
86545
86560
86565
86575
86580
86585
86586
86606
86607
86609
86610
86611
86612
86613
86614
86615
86616
86618
86619
86620
86622
86624
86625
86626
86628
86629
86630
86632
86633
86634
86635
86636
86637
86638
86639
86642
86643
86645
86647
86649
86650
86651
86652
86653
86654
86655
86656
86657
86658
86659
86661
86662
86663
86664
86665
86666
86670
86671
86672
86673
86674
86675
86676
86677
86678
86682
86684
86685
86686
86689
86690
86691
86692
86693
86694
86695
86696
86697
86698
86699
86701
86702
86703
86704
86705
86707
86709
86712
86713
86714
86715
86716
86718
86719
86720
86721
86722
86723
86724
86728
86729
86730
86732
86734
86735
86736
86737
86738
86739
86740
86741
86742
86743
86744
86745
86748
86750
86751
86752
86753
86755
86756
86757
86758
86759
86761
86762
86763
86764
86765
86767
86768
86770
86772
86773
86774
86775
86776
86777
86778
86779
86780
86781
86782
86783
86784
86785
86786
86789
86791
86792
86793
86794
86795
86796
86797
86798
86800
86801
86802
86803
86804
86805
86807
86808
86809
86810
86812
86813
86814
86815
86816
86817
86818
86819
86820
86821
86823
86824
86825
86828
86829
86830
86833
86834
86836
86838
86839
86840
86841
86842
86843
86844
86845
86846
86848
86849
86850
86851
86852
86853
86854
86855
86857
86858
86859
86860
86861
86862
86863
86864
86865
86866
86867
86868
86869
86870
86871
86872
86873
86874
86875
86876
86877
86878
86879
86881
86884
86887
86888
86889
86890
86891
86892
86894
86895
86896
86897
86898
86899
86901
86902
86903
86904
86905
86906
86907
86910
86911
86912
86913
86914
86916
86917
86919
86921
86922
86923
86924
86925
86926
86927
86929
86930
86933
86934
86935
86936
86937
86938
86939
86940
86941
86942
86943
86944
86945
86946
86947
86948
86950
86951
86952
86953
86954
86955
86956
86957
86958
86960
86961
86962
86963
86964
86965
86966
86967
86968
86969
86970
86971
86972
86973
86975
86976
86977
86978
86979
86980
86981
86982
86983
86984
86985
86986
86988
86989
86990
86992
86993
86994
86995
86996
86998
87007
87016
87022
87046
87047
87065
87078
87097
87121
87129
87148
87155
87162
87163
87166
87173
87178
87187
87211
87213
87217
87222
87244
87257
87270
87286
87289
87305
87311
87320
87322
87328
87344
87345
87347
87349
87371
87374
87385
87393
87395
87405
87412
87416
87418
87420
87436
87444
87448
87453
87467
87468
87470
87480
87497
87506
87509
87532
87534
87544
87548
87550
87553
87563
87568
87571
87576
87582
87585
87593
87596
87623
87637
87640
87641
87643
87645
87648
87649
87658
87679
87688
87692
87715
87736
87750
87765
87774
87784
87791
87800
87803
87814
87823
87828
87852
87860
87880
87896
87904
87909
87925
87934
87936
87938
88878
88883
88889
88897
88900
88903
88963
88968
88981
88986
89002
89003
89004
89005
89009
89013
89014
89016
89018
89020
89022
89034
89049
89050
89052
89053
89054
89055
89056
89057
89058
89059
89061
89062
89063
89064
89065
89066
89081
89083
89087
89108
89132
89175
89250
89251
89252
89253
89257
89259
89261
89262
89263
89266
89269
89272
89314
89324
89327
89329
89332
89345
89371
89376
89377
89504
89507
89512
89514
89528
89532
89542
89564
89570
89571
89573
89574
89575
89577
89578
89586
89592
89598
89606
89610
89611
89614
89615
89625
89627
89628
89637
89642
89643
89646
89648
89657
89659
89661
89662
89664
89666
89667
89674
89734
89744
89767
89768
89769
89799
89807
89809
89811
89815
89828
89832
89834
89836
89847
89864
89865
89866
89867
89868
89869
89872
89873
89879
91066
91155
91158
91159
91161
91162
91163
91164
91165
91166
91167
91168
91169
91170
91171
91172
91176
91178
91182
91184
91186
91189
91190
91191
91194
91195
91196
91198
91199
91202
91203
91204
91212
91217
91218
91221
91222
91231
91232
91234
91246
91250
91251
91258
91259
91275
91281
91283
91284
91285
91287
91289
91290
91291
91293
91294
91314
91315
91317
91319
91320
91321
91324
91325
91326
91328
91329
91334
91338
91339
91343
91348
91350
91352
91353
91354
91355
91356
91364
91365
91366
91367
91368
91369
91371
91374
91375
91376
91377
91378
91385
91408
91410
91411
91413
91425
91434
91442
91484
91486
91487
91490
91491
91492
91502
91503
91507
91517
91520
91521
91527
91530
91531
91532
91533
91541
91551
91553
91554
91555
91557
91565
91568
91570
91571
91573
91574
91577
91579
91582
91583
91587
91590
91592
91596
91598
91601
91610
91611
91612
91623
91629
91631
91636
91642
91643
91648
91650
91652
91656
91657
91659
91660
91663
91665
91669
91670
91676
91679
91680
91682
91683
91689
91690
91691
91693
91697
91699
91701
91720
91723
91724
91727
91735
91736
91737
91738
91739
91740
91741
91742
91743
91753
91754
91756
91757
91759
91760
91761
91762
91763
91764
91765
91766
91768
91769
91772
91776
91779
91780
91784
91785
91786
91789
91792
91801
91802
91809
91811
91812
91819
91822
91824
91826
91831
91841
91843
91844
91848
91901
91902
91903
91921
91925
91929
91932
91936
91938
91939
91941
91943
91944
91945
91948
91954
91958
91960
91961
91962
91964
91997
92001
92003
92004
92005
92006
92010
92011
92012
92013
92014
92016
92017
92021
92022
92023
92026
92031
92035
92036
92040
92044
92045
92047
92051
92057
92058
92068
92069
92070
92071
92072
92075
92076
92077
92080
92082
92083
92084
92087
92090
92092
92100
93004
93008
93012
93021
93023
93034
93057
93069
93098
93103
93110
93112
93128
93129
93130
93137
93143
93146
93173
93179
93186
93191
93196
93201
93226
93227
93228
93245
93247
93251
93254
93257
93258
93263
93285
93291
93292
93294
93295
93305
93308
93309
93313
93327
93339
93373
93376
93387
93388
93393
93394
93397
93402
93404
93410
93417
93420
93428
93430
93437
93439
93441
93466
93467
93468
93479
93480
93493
93498
93515
93520
93527
93530
93537
93546
93552
93562
93579
93581
93586
93597
93614
93615
93616
93656
93661
93678
93701
93709
93721
93729
93737
93738
93745
93747
93752
93753
93756
93765
93773
93774
93779
93781
93784
93792
93796
93800
93805
93811
93819
93820
93822
93823
93824
93825
93826
93831
93834
93835
93838
93844
93845
93851
93864
93878
93887
93891
93898
93909
93929
93947
93985
93986
93987
93988
93994
93997
94100
94102
94103
94106
94108
94109
94110
94116
94117
94118
94119
94120
94121
94122
94125
94127
94128
94129
94130
94131
94132
94134
94135
94137
94138
94139
94140
94141
94143
94147
94148
94149
94150
94151
94152
94153
94170
94171
94174
94182
94183
94186
94187
94188
94200
94201
94202
94203
94204
94206
94207
94208
94210
94211
94212
94213
94214
94215
94216
94217
94220
94225
94229
94230
94231
94232
94234
94236
94237
94238
94239
94242
94248
94255
94256
94257
94258
94260
94261
94266
94268
94269
94274
94276
94284
94285
94287
94289
94290
94291
94292
94294
94295
94296
94298
94299
94300
94302
94303
94305
94306
94307
94308
94309
94310
94311
94312
94313
94315
94316
94317
94318
94319
94320
94321
94322
94323
94324
94325
94326
94327
94328
94329
94332
94333
94334
94335
94336
94337
94338
94339
94340
94341
94342
94343
94344
94345
94346
94350
94355
94356
94358
94359
94360
94363
94365
94366
94367
94368
94369
94370
94371
94372
94373
94374
94375
94376
94377
94378
94379
94380
94381
94384
94386
94387
94388
94390
94393
94394
94395
94396
94397
94398
94399
94401
94402
94403
94404
94405
94406
94410
94411
94414
94415
94417
94422
94429
94430
94439
94440
94444
94448
94449
94450
94451
94457
94461
94462
94463
94466
94474
94476
94477
94480
94485
94488
94494
94497
94498
94500
94510
94511
94513
94514
94515
94517
94520
94521
94525
94530
94541
94542
94544
94547
94549
94550
94552
94553
94555
94556
94557
94558
94562
94564
94566
94567
94568
94569
94570
94571
94572
94573
94574
94575
94576
94577
94578
94580
94581
94582
94583
94584
94585
94586
94587
94588
94589
94590
94591
94592
94593
94594
94596
94597
94598
94599
94600
94601
94602
94603
94604
94605
94607
94608
94609
94610
94612
94614
94615
94616
94617
94618
94619
94620
94621
94622
94623
94625
94627
94628
94629
94630
94631
94632
94633
94635
94636
94637
94638
94639
94640
94641
94642
94643
94644
94645
94647
94651
94653
94654
94655
94656
94657
94658
94659
94660
94661
94662
94663
94665
94666
94668
94669
94672
94673
94674
94675
94676
94677
94678
94679
94680
94681
94682
94683
94684
94685
94686
94688
94689
94690
94691
94692
94693
94694
94695
94696
94697
94698
94699
94700
94702
94703
94704
94706
94707
94708
94709
94710
94711
94712
94714
94715
94716
94717
94720
94721
94723
94725
94726
94727
94728
94729
94730
94732
94733
94735
94736
94738
94739
94740
94741
94742
94743
94744
94746
94747
94749
94750
94752
94754
94755
94756
94757
94759
94760
94761
94762
94763
94764
94765
94766
94767
94768
94769
94771
94772
94773
94774
94775
94776
94777
94778
94779
94780
94781
94782
94783
94785
94786
94788
94789
94790
94791
94792
94801
94802
94804
94806
94807
94808
94809
94811
94812
94813
94814
94816
94817
94820
94821
94822
94826
94827
94828
94829
94830
94831
94833
94834
94835
94836
94837
94838
94839
94840
94841
94842
94843
94844
94846
94847
94849
94850
94852
94853
94854
94855
94857
94859
94860
94861
94862
94863
94864
94865
94866
94868
94870
94871
94872
94874
94875
94877
94878
94879
94880
94881
94882
94883
94884
94886
94888
94889
94890
94891
94892
94893
94894
94895
94898
94899
94900
94901
94903
94905
94906
94907
94908
94909
94910
94911
94912
94913
94914
94915
94917
94918
94919
94921
94922
94923
94925
94926
94927
94928
94929
94930
94932
94933
94934
94935
94937
94938
94939
94941
94942
94943
94949
94950
94951
94953
94954
94955
94956
94957
94958
94959
94960
94961
94962
94963
94964
94966
94967
94969
94970
94971
94972
94974
94975
94976
94977
94979
94980
94981
94983
94985
94987
94988
94995
94996
94997
94998
95100
95101
95111
95121
95142
95146
95204
95205
95214
95283
95284
95285
95286
95287
95288
95290
95291
95292
95293
95295
95296
95301
95303
95304
95305
95307
95316
95317
95322
95323
95351
95362
95366
95367
95369
95370
95402
95448
95458
95480
95481
95482
95485
95487
95492
95512
95520
95527
95529
95533
95541
95543
95551
95565
95566
95570
95571
95572
95573
95575
95581
95591
95592
95600
95601
95602
95603
95604
95606
95607
95608
95610
95611
95612
95613
95614
95615
95616
95617
95618
95620
95621
95622
95623
95624
95625
95626
95627
95628
95629
95630
95631
95632
95634
95635
95636
95637
95638
95639
95640
95641
95642
95643
95644
95645
95646
95647
95653
95654
95655
95657
95658
95659
95660
95661
95662
95663
95664
95666
95667
95668
95669
95670
95671
95674
95675
95676
95677
95678
95679
95687
95692
95695
95697
95699
95704
95705
95706
95707
95708
95709
95710
95713
95715
95716
95717
95718
95719
95721
95722
95723
95725
95726
95727
95728
95734
95735
95740
95744
95746
95747
95748
95749
95750
95752
95753
95754
95756
95758
95761
95762
95764
95765
95766
95767
95768
95770
95771
95772
95773
95774
95775
95778
95779
95784
95805
95806
95807
95811
95812
95813
95814
95815
95816
95818
95822
95823
95825
95827
95831
95832
95833
95834
95835
95836
95837
95838
95839
95840
95843
95845
95853
95855
95864
95866
95867
95869
95872
95873
95874
95881
95890
95895
95896
95901
95904
95908
95909
95912
95913
95916
95918
95925
95929
95931
95935
95936
95937
95940
95952
95953
95954
95956
95957
95958
95959
95960
95961
95962
95964
95966
95967
95969
95970
95972
95973
95974
95975
95977
95979
95981
95983
95984
95985
95986
95988
95989
95995
95997
96001
96009
96011
96015
96033
96035
96073
96075
96087
96091
96109
96145
96147
96163
96171
96179
96195
96207
96221
96237
96249
96253
96295
96315
96323
96413
96418
96421
96441
96449
96465
96471
96477
96481
96491
96505
96509
96525
96529
96535
96557
96559
96565
96581
96595
96607
96615
96633
96645
96655
96685
96695
96737
96739
96741
96745
96749
96751
96781
96791
96797
96805
96837
96839
96925
96933
96935
96937
96973
96987
96995
96996
97008
97014
97016
97028
97048
97072
97086
97096
97120
97126
97142
97146
97180
97182
97192
97230
97240
97260
97270
97284
97300
97310
97320
97340
97372
97378
97380
97385
97388
97389
97390
97394
97395
97406
97430
97460
97502
97530
97560
97570
97580
97600
97630
97682
97686
97690
97698
97700
97722
97724
97748
97760
97780
97796
97810
97876
97900
97980
98132
98133
98134
98135
98222
98223
98231
98232
98233
98321
98322
98323
98324
98325
98326
98327
98328
98329
98330
98333
98334
98336
98425
98426
98427
98428
98429
98430
98431
98432
98433
98434
98435
98436
98437
98440
98442
98444
98446
98447
98526
98531
98536
98538
98543
98546
98548
98550
98553
98558
98618
98630
98637
98642
98644
98645
98646
98648
98653
98712
98741
98746
98747
98748
98751
98752
98753
98755
98815
98830
98836
98851
98904
99020
99090
